30 100
2 4
4 3
3 19
19 13
13 15
15 1
4 29
29 22
22 7
7 5
5 27
27 24
24 18
18 11
11 12
12 10
10 14
22 21
1 16
2 26
15 25
22 8
13 6
24 17
19 28
28 23
23 9
9 30
29 20
2 18
5 2
6 9
24 9
2 24
14 9
11 7
6 20
22 9
5 22
3 11
3 6
7 14
23 3
8 17
27 1
28 30
5 25
11 6
21 13
7 1
27 20
9 27
18 19
30 24
24 22
1 20
3 8
7 29
23 5
24 11
12 9
9 17
19 17
2 20
29 17
3 27
16 25
3 13
9 10
10 25
9 25
30 2
10 13
6 19
21 15
25 2
22 28
5 8
25 30
13 1
12 16
12 4
11 27
20 17
18 25
14 19
29 21
9 2
13 12
20 15
21 25
18 7
18 15
7 30
13 20
23 13
27 18
17 11
16 23
22 4
1
16
3
28 3 3 11 13
29 1 5
7 2 24 9
28
