50 80
4 17
17 45
45 30
30 22
22 37
37 34
34 20
20 43
43 19
19 1
1 18
18 26
26 27
27 42
42 38
18 39
39 31
31 15
15 12
12 16
30 29
29 36
4 6
29 46
43 2
37 7
2 21
21 50
50 8
8 3
50 10
21 44
38 24
30 48
48 41
34 9
18 13
21 35
18 40
9 49
49 47
47 23
18 5
18 32
50 25
5 14
49 33
38 11
47 28
17 32
24 36
12 50
29 32
27 47
44 29
41 18
32 42
31 45
39 26
26 3
36 4
12 37
5 15
41 10
31 24
40 42
17 15
2 4
21 32
27 35
44 45
25 34
4 22
29 26
32 30
12 45
6 17
12 49
49 43
36 38
1
12 
4
25 1 47 
16 1 38 
19 1 48 
9 1 31 
40

